순위,종목명,검색비율,현재가,전일비,등락률,거래량,시가,고가,저가,PER,ROE
1,삼성전자,14.53%,57,700,하락1,300,-2.20%,26,879,507,58,800,58,900,57,700,14.10,4.15
2,태성,5.63%,31,200,하락13,100,-29.57%,1,226,044,43,900,45,750,31,200,375.90,-4.48
3,동서,4.90%,25,300,상한가5,830,+29.94%,2,532,201,20,000,25,300,19,830,15.17,9.23
4,SK하이닉스,2.71%,187,800,하락3,100,-1.62%,3,431,267,195,300,195,300,187,500,54.72,-15.61
5,유한양행,2.39%,154,000,하락6,000,-3.75%,2,034,894,160,000,160,000,153,800,83.60,6.74
6,YG PLUS,2.22%,4,520,상한가1,040,+29.89%,27,737,247,3,995,4,520,3,865,44.31,14.12
7,한켐,1.98%,22,800,상승4,800,+26.67%,25,444,159,32,500,33,300,22,300,N/A,24.14
8,두산에너빌리티,1.88%,20,650,보합0,0.00%,13,446,353,20,300,21,300,20,000,83.27,0.78
9,에코프로비엠,1.81%,156,700,하락8,200,-4.97%,466,676,163,700,164,800,156,600,-97.51,-0.64
10,카카오,1.63%,37,350,하락2,050,-5.20%,1,755,923,39,300,39,350,37,300,-17.08,-10.26
11,루미르,1.47%,12,560,하락2,350,-15.76%,33,735,959,13,760,15,940,12,390,-29.62,-24.89
12,스페코,1.41%,5,300,상승1,060,+25.00%,28,320,793,4,270,5,390,4,125,-24.88,-3.71
13,에코프로,1.41%,76,400,하락4,000,-4.98%,915,031,80,300,80,300,76,400,-84.61,3.43
14,삼천당제약,1.36%,133,500,하락300,-0.22%,423,404,136,100,138,800,130,900,-558.58,-5.27
15,한미반도체,1.33%,98,800,하락2,700,-2.66%,1,043,478,103,400,104,200,98,500,60.91,55.54
16,현대차,1.30%,234,500,하락2,500,-1.05%,514,894,236,000,239,000,232,500,5.08,13.68
17,한화에어로스페이스,1.26%,385,500,상승4,000,+1.05%,347,884,383,500,386,000,371,000,69.80,25.60
18,한국파마,1.25%,20,050,하락1,500,-6.96%,466,909,21,050,21,450,20,050,72.91,0.13
19,한일단조,1.25%,2,955,상한가680,+29.89%,57,778,958,2,455,2,955,2,405,20.10,6.46
20,POSCO홀딩스,1.23%,331,500,하락12,000,-3.49%,314,475,340,500,342,000,330,000,20.73,3.18
21,샤페론,1.19%,4,540,상승850,+23.04%,25,809,318,3,760,4,755,3,520,-6.93,N/A
22,펩트론,1.18%,92,900,하락2,600,-2.72%,926,831,97,000,97,500,91,800,-100.87,-35.69
23,알테오젠,1.17%,383,500,하락14,000,-3.52%,505,783,399,500,402,000,380,500,-15,979.20,-2.27
24,HLB,1.15%,69,300,하락1,600,-2.26%,693,803,70,500,70,700,69,000,-42.70,-32.55
25,와이제이링크,1.15%,16,200,하락3,060,-15.89%,9,348,323,18,100,19,000,15,060,23.72,21.09
26,NAVER,1.07%,171,200,하락5,600,-3.17%,762,541,176,900,177,100,170,800,18.14,4.41
27,한화인더스트리얼솔루션즈,0.99%,36,900,하락2,500,-6.35%,3,072,564,39,400,39,650,36,750,N/A,N/A
28,LIG넥스원,0.96%,265,000,상승10,500,+4.13%,276,713,257,000,265,000,253,500,30.70,17.61
29,에스와이스틸텍,0.93%,5,720,상승540,+10.42%,43,575,053,5,230,6,150,5,130,12.94,31.57
30,기아,0.88%,92,500,하락2,500,-2.63%,2,088,103,93,600,94,100,91,800,3.87,20.44
